100
42
11
1
2018
2018557437093377
9600971359218769
7634736816284600
6715643106691492
5
9
1555555555555555
278168715890610
4249699777446299
2071580366497403
1411531525164215
9671174566471784
6900246442340953
7336926794297235
274727724347065
6678389630047618
5131076615111192
9212726879206598
857919889682126
6259366569903204
9764349144764129
4104316168986016
1043938581955751
7878229889676889
584232276207649
4904740640439133
1384203875177548
2062020659661723
10000000000000000
4399401612527932
2552456274150803
7847966262743841
6890775096180992
4738169187546571
7462025223088744
7672167227781105
213424197757103
6
2297291752038580
7784546664464954
4065560611155063
8618879687548212
9298768162822014
3396597479959707
7332395743743896
1422973465330237
4005455512378160
2199084174246909
2337292501856399
8117978218740602
427422002324347
7477304589435687
8
9630083939244471
7723748855946838
7376637476260719
1002056009066163
5512321795198359
2
9999999999999999
3
7081611003746402
1668536798645168
1046785382657053
9298865292862532
5174958308526009
1525352581348593
4799521347968560
6692469811696849
7489013764433448
6440082787857899
6036135276520911
9332117559202360
7
1919094863927492
8673500648721694
2273225412856176
1865093667909624
8112470784745270
8888888888888889
5671834915431288
2861588451987817
9308418939903014
8837538448218664
4
95
7624012752414060
7086573359596719
5012165890591655
6658750193786958
323987170649869
7673129974832862
1955855866138292
8569738016709363
8180948297049713
10
