100
42
11
1
2018
8
85781
4
66112
31600
70729
75113
38976
60969
6931
32496
7331
57876
53714
38656
56805
12698
46099
74877
65897
55017
91636
77868
2114
84469
8035
24788
10095
50843
7
54699
52193
95415
3309
37932
53541
24084
24088
78342
62273
38210
45770
13783
24513
31696
41221
2
9
6
79580
17727
23447
22230
2630
70902
76580
24636
5816
58552
98451
92569
84445
33731
39358
90942
97939
100000
87545
29419
82521
65253
84137
50375
15421
7902
3
44674
21875
80362
30542
31744
70975
3505
95
57767
71620
10
52510
29498
89698
31506
99999
5
35422
20969
85581
